{
  "nodes": [
    {
      "id": 0,
      "name": "Depot"
    },
    {
      "id": 1,
      "name": "RSUD Kota Malang"
    },
    {
      "id": 2,
      "name": "Puskesmas Dinoyo"
    },
    {
      "id": 3,
      "name": "Puskesmas Mojolar"
    },
    {
      "id": 4,
      "name": "Puskesmas Arjowinangun"
    },
    {
      "id": 5,
      "name": "RS Lavalette"
    },
    {
      "id": 6,
      "name": "Puskesmas Sukun"
    },
    {
      "id": 7,
      "name": "Klinik Kahuripan"
    },
    {
      "id": 8,
      "name": "RS Mitra Sehat"
    },
    {
      "id": 9,
      "name": "Puskesmas Lowokwaru"
    },
    {
      "id": 10,
      "name": "RS Panti Nirmala"
    }
  ],
  "distance_matrix": [
    [
      0.0,
      14.422205101855956,
      25.0,
      25.495097567963924,
      24.331050121192877,
      33.28663395418648,
      15.231546211727817,
      30.0,
      32.984845004941285,
      24.166091947189145,
      42.190046219457976
    ],
    [
      14.422205101855956,
      0.0,
      12.36931687685298,
      13.341664064126334,
      17.88854381999832,
      20.8806130178211,
      8.48528137423857,
      15.620499351813308,
      24.331050121192877,
      10.198039027185569,
      29.732137494637012
    ],
    [
      25.0,
      12.36931687685298,
      0.0,
      18.027756377319946,
      11.704699910719626,
      8.54400374531753,
      10.816653826391969,
      9.219544457292887,
      13.892443989449804,
      12.206555615733702,
      17.46424919657298
    ],
    [
      25.495097567963924,
      13.341664064126334,
      18.027756377319946,
      0.0,
      28.319604517012593,
      24.041630560342615,
      21.02379604162864,
      13.038404810405298,
      31.906112267087632,
      5.830951894845301,
      31.144823004794873
    ],
    [
      24.331050121192877,
      17.88854381999832,
      11.704699910719626,
      28.319604517012593,
      0.0,
      14.560219778561036,
      10.198039027185569,
      20.8806130178211,
      8.94427190999916,
      22.80350850198276,
      21.633307652783937
    ],
    [
      33.28663395418648,
      20.8806130178211,
      8.54400374531753,
      24.041630560342615,
      14.560219778561036,
      0.0,
      18.439088914585774,
      11.661903789690601,
      10.770329614269007,
      18.439088914585774,
      8.94427190999916
    ],
    [
      15.231546211727817,
      8.48528137423857,
      10.816653826391969,
      21.02379604162864,
      10.198039027185569,
      18.439088914585774,
      0.0,
      18.439088914585774,
      18.110770276274835,
      16.492422502470642,
      27.202941017470888
    ],
    [
      30.0,
      15.620499351813308,
      9.219544457292887,
      13.038404810405298,
      20.8806130178211,
      11.661903789690601,
      18.439088914585774,
      0.0,
      21.2602916254693,
      8.246211251235321,
      18.110770276274835
    ],
    [
      32.984845004941285,
      24.331050121192877,
      13.892443989449804,
      31.906112267087632,
      8.94427190999916,
      10.770329614269007,
      18.110770276274835,
      21.2602916254693,
      0.0,
      26.076809620810597,
      14.560219778561036
    ],
    [
      24.166091947189145,
      10.198039027185569,
      12.206555615733702,
      5.830951894845301,
      22.80350850198276,
      18.439088914585774,
      16.492422502470642,
      8.246211251235321,
      26.076809620810597,
      0.0,
      26.0
    ],
    [
      42.190046219457976,
      29.732137494637012,
      17.46424919657298,
      31.144823004794873,
      21.633307652783937,
      8.94427190999916,
      27.202941017470888,
      18.110770276274835,
      14.560219778561036,
      26.0,
      0.0
    ]
  ],
  "travel_time_matrix": [
    [
      0.0,
      14.422205101855956,
      25.0,
      25.495097567963924,
      24.331050121192877,
      33.28663395418648,
      15.231546211727817,
      30.0,
      32.984845004941285,
      24.166091947189145,
      42.190046219457976
    ],
    [
      14.422205101855956,
      0.0,
      12.36931687685298,
      13.341664064126334,
      17.88854381999832,
      20.8806130178211,
      8.48528137423857,
      15.620499351813308,
      24.331050121192877,
      10.198039027185569,
      29.732137494637012
    ],
    [
      25.0,
      12.36931687685298,
      0.0,
      18.027756377319946,
      11.704699910719626,
      8.54400374531753,
      10.816653826391969,
      9.219544457292887,
      13.892443989449804,
      12.206555615733702,
      17.46424919657298
    ],
    [
      25.495097567963924,
      13.341664064126334,
      18.027756377319946,
      0.0,
      28.319604517012593,
      24.041630560342615,
      21.02379604162864,
      13.038404810405298,
      31.906112267087632,
      5.830951894845301,
      31.144823004794873
    ],
    [
      24.331050121192877,
      17.88854381999832,
      11.704699910719626,
      28.319604517012593,
      0.0,
      14.560219778561036,
      10.198039027185569,
      20.8806130178211,
      8.94427190999916,
      22.80350850198276,
      21.633307652783937
    ],
    [
      33.28663395418648,
      20.8806130178211,
      8.54400374531753,
      24.041630560342615,
      14.560219778561036,
      0.0,
      18.439088914585774,
      11.661903789690601,
      10.770329614269007,
      18.439088914585774,
      8.94427190999916
    ],
    [
      15.231546211727817,
      8.48528137423857,
      10.816653826391969,
      21.02379604162864,
      10.198039027185569,
      18.439088914585774,
      0.0,
      18.439088914585774,
      18.110770276274835,
      16.492422502470642,
      27.202941017470888
    ],
    [
      30.0,
      15.620499351813308,
      9.219544457292887,
      13.038404810405298,
      20.8806130178211,
      11.661903789690601,
      18.439088914585774,
      0.0,
      21.2602916254693,
      8.246211251235321,
      18.110770276274835
    ],
    [
      32.984845004941285,
      24.331050121192877,
      13.892443989449804,
      31.906112267087632,
      8.94427190999916,
      10.770329614269007,
      18.110770276274835,
      21.2602916254693,
      0.0,
      26.076809620810597,
      14.560219778561036
    ],
    [
      24.166091947189145,
      10.198039027185569,
      12.206555615733702,
      5.830951894845301,
      22.80350850198276,
      18.439088914585774,
      16.492422502470642,
      8.246211251235321,
      26.076809620810597,
      0.0,
      26.0
    ],
    [
      42.190046219457976,
      29.732137494637012,
      17.46424919657298,
      31.144823004794873,
      21.633307652783937,
      8.94427190999916,
      27.202941017470888,
      18.110770276274835,
      14.560219778561036,
      26.0,
      0.0
    ]
  ],
  "units": {
    "distance": "km",
    "time": "minutes"
  }
}